60998.782517229810764547 4.95e-05
60998.784722366275673267 6.2e-05
60998.787036921152321156 7.86e-05
60998.789352014449832495 5.58e-05
60998.791666840712423436 6.45e-05
60998.793985265423543751 9.4e-05
60998.796300017042085528 6.71e-05
60998.798709251990658231 5.62e-05
60998.800925872026709840 8.7e-05
60998.803240965331497137 4.83e-05
60998.805555397899297532 5.11e-05
60998.808015561306092422 4.87e-05
60998.810185048110724892 4.77e-05
60998.812500141226337291 5.36e-05
60998.814814698867849074 4.42e-05
60998.817129523755284026 3.77e-05
60998.819444740678591188 3.91e-05
60998.821759566097171046 5.37e-05
60998.824074390788155142 4.48e-05
60998.826389216366806068 4.65e-05
60998.828703796294576023 7.35e-05
60998.831108968035550788 9.06e-05
60998.833333690978179220 5.5e-05
60998.835648124317231122 6.23e-05
60998.837962949481152464 4.26e-05
60998.840277774128480814 5.22e-05
60998.842592600121861324 3.88e-05
60998.844894497829955071 3.72e-05
60998.847222250435152091 7.79e-05
60998.849768598694936372 6.8e-05
60998.851787338935537264 0.000119
60998.854179653564642649 4.91e-05
60998.856481551447359379 5.16e-05
60998.858796377346152440 4.39e-05
60998.861072420149866957 4.85e-05
60998.863425744100823067 6.95e-05
60998.865740854031173512 5.18e-05
60998.867965578392613679 0.000114
60998.870370503893354908 4.5e-05
60998.872685329297382850 5.4e-05
60998.874910053586063441 6.88e-05
60998.877314980054507032 4.98e-05
60998.879629805254808161 4.8e-05
60998.881945022745640017 4.15e-05
60998.884195210695907008 4.57e-05
60998.886342466212227009 8.65e-05
60998.888888716333894990 6.97e-05
60998.891294035558530595 5.37e-05
60998.893518368051445577 5.01e-05
60998.895923294505337253 4.48e-05
60998.898148410582507495 5.44e-05
60998.900463235906499904 4.61e-05
60998.902816845366032794 4e-05
60998.905092496810539160 4.93e-05
60998.907407713733846322 4.7e-05
60998.909722147764114197 4.17e-05
60998.912049901409773156 5.36e-05
60998.914352191743091680 4.75e-05
60998.916666626042569987 4.28e-05
60998.918894824797462206 6.24e-05
60998.921296277629153337 4.48e-05
60998.923611103295115754 4.15e-05
60998.925925929193908814 4.17e-05
60998.928472278035769705 5.11e-05
60998.930555581886437722 4.72e-05
60998.932870125412591733 0.000129
60998.935275336087215692 4.67e-05
60998.937500060361344367 5.33e-05
60998.939814886725798715 4.92e-05
60998.942142405896447599 7.23e-05
60998.944444539200048894 5.06e-05
60998.946759365804609843 4.21e-05
60998.949086728098336607 8.22e-05
60998.951389018511690665 5.49e-05
60998.953703844868869055 5.27e-05
60998.956005743690184318 5.22e-05
60998.958333498798310757 4.01e-05
60998.960648324537032750 4.64e-05
60998.962924368483072612 4.37e-05
60998.965277977957157418 4.03e-05
60998.967592413195234258 6.36e-05
60998.969817922203219496 4.75e-05
60998.972222066258837003 4.5e-05
60998.974537284819234628 3.65e-05
60998.976736547570908442 5.5e-05
60998.979166546356282197 4.2e-05
60998.981481374044960830 4.68e-05
60998.983796200453070924 5.88e-05
60998.986227375957241748 4.57e-05
60998.988425854789966252 4.06e-05
60998.990740682384057436 4.45e-05
60998.993055900682520587 4.29e-05
60998.995486292034911457 4.99e-05
60998.997685163194546476 3.96e-05
60998.999999990170181263 4.62e-05
60999.002327745613001753 4.17e-05
60999.004629644623491913 5.49e-05
60999.006944471730093937 4.85e-05
60999.009259299913537689 4.67e-05
60999.011561200335563626 4.73e-05
60999.013888954621506855 4.23e-05
60999.016203782353841234 4.46e-05
60999.018402653084194753 4.25e-05
60999.020717480612802319 4.97e-05
60999.023148264866904356 3.92e-05
60999.025463092591962777 5.76e-05
60999.027777920637163334 4.43e-05
60999.029861225688364357 5.02e-05
60999.032407575643446762 4.32e-05
60999.034722404656349681 5.3e-05
60999.037037231610156596 5.26e-05
60999.039313276698521804 4.76e-05
60999.041666495817480609 5.32e-05
60999.043981323120533489 4.48e-05
60999.046296544031065423 4.7e-05
60999.048726936445746105 3.96e-05
60999.050925807743624318 4.89e-05
60999.053240635897964239 4.68e-05
60999.055729007646732498 4.9e-05
60999.057870684227964375 4.32e-05
60999.060185512738826219 5.43e-05
60999.062538586607843172 8.93e-05
60999.064814777084393427 4.01e-05
60999.067129606228263583 4.18e-05
60999.069444826549442951 4.13e-05
60999.071991176904703025 4.7e-05
60999.074074092335649766 4.88e-05
60999.076388920904719271 4.1e-05
60999.078742531884927303 3.78e-05
60999.081018969256547280 4.1e-05
60999.083333797876548488 5.12e-05
60999.085686626167444047 3.77e-05
60999.087963064172072336 4.19e-05
60999.090277893003076315 3.29e-05
60999.092579794290941209 4.19e-05
60999.094907550628704485 3.82e-05
60999.097222379146842286 5.63e-05
60999.099524281707999762 4.77e-05
60999.101852038060314953 5.18e-05
60999.104166867895401083 4.3e-05
60999.106468768666672986 4.51e-05
60999.108796133645228110 4.7e-05
60999.111110962301609106 3.99e-05
60999.113425791882036719 3.68e-05
60999.115740621506120078 4.03e-05
60999.118055451363034081 4.39e-05
60999.120370280310453381 4.69e-05
60999.122620863461634144 5.17e-05
60999.124999939354893286 4.78e-05
60999.127315160891157575 3.84e-05
60999.129629598326573614 4.52e-05
60999.131944819906493649 3.66e-05
60999.134259258411475457 3.84e-05
60999.136574087970075198 4.55e-05
60999.138799206877592951 5.3e-05
60999.141290714294882491 5.24e-05
60999.143531896479544230 4.39e-05
60999.145833406757446937 3.91e-05
60999.148090649759978987 4.21e-05
60999.150463458390731830 4.25e-05
60999.152661939420795534 5.39e-05
