2025 1 1 -0.184413350 0.882633257 0.382808223
2025 1 2 -0.201581834 0.879561385 0.381476219
2025 1 3 -0.218688337 0.876213192 0.380024302
2025 1 4 -0.235727221 0.872589943 0.378453046
2025 1 5 -0.252692941 0.868693063 0.376763103
2025 1 6 -0.269580066 0.864524113 0.374955186
2025 1 7 -0.286383295 0.860084771 0.373030065
2025 1 8 -0.303097465 0.855376801 0.370988545
2025 1 9 -0.319717552 0.850402032 0.368831459
2025 1 10 -0.336238655 0.845162327 0.366559646
2025 1 11 -0.352655989 0.839659566 0.364173948
2025 1 12 -0.368964851 0.833895627 0.361675193
2025 1 13 -0.385160599 0.827872379 0.359064197
2025 1 14 -0.401238616 0.821591681 0.356341759
2025 1 15 -0.417194287 0.815055392 0.353508672
2025 1 16 -0.433022981 0.808265390 0.350565726
2025 1 17 -0.448720036 0.801223588 0.347513723
2025 1 18 -0.464280763 0.793931952 0.344353486
2025 1 19 -0.479700446 0.786392521 0.341085866
2025 1 20 -0.494974351 0.778607412 0.337711749
2025 1 21 -0.510097734 0.770578834 0.334232063
2025 1 22 -0.525065850 0.762309085 0.330647775
2025 1 23 -0.539873956 0.753800561 0.326959897
2025 1 24 -0.554517316 0.745055757 0.323169486
2025 1 25 -0.568991202 0.736077271 0.319277649
2025 1 26 -0.583290899 0.726867813 0.315285542
2025 1 27 -0.597411706 0.717430212 0.311194383
2025 1 28 -0.611348946 0.707767430 0.307005452
2025 1 29 -0.625097985 0.697882577 0.302720101
2025 1 30 -0.638654254 0.687778916 0.298339760
2025 1 31 -0.652013281 0.677459868 0.293865935
2025 2 1 -0.665170728 0.666929001 0.289300208
2025 2 2 -0.678122420 0.656190014 0.284644222
2025 2 3 -0.690864363 0.645246702 0.279899666
2025 2 4 -0.703392761 0.634102928 0.275068258
2025 2 5 -0.715703999 0.622762583 0.270151727
2025 2 6 -0.727794634 0.611229566 0.265151795
2025 2 7 -0.739661372 0.599507762 0.260070172
2025 2 8 -0.751301039 0.587601027 0.254908544
2025 2 9 -0.762710559 0.575513187 0.249668577
2025 2 10 -0.773886929 0.563248035 0.244351910
2025 2 11 -0.784827195 0.550809341 0.238960164
2025 2 12 -0.795528435 0.538200857 0.233494946
2025 2 13 -0.805987751 0.525426334 0.227957855
2025 2 14 -0.816202251 0.512489536 0.222350493
2025 2 15 -0.826169060 0.499394254 0.216674471
2025 2 16 -0.835885310 0.486144319 0.210931417
2025 2 17 -0.845348158 0.472743610 0.205122982
2025 2 18 -0.854554781 0.459196067 0.199250842
2025 2 19 -0.863502395 0.445505688 0.193316703
2025 2 20 -0.872188248 0.431676537 0.187322304
2025 2 21 -0.880609636 0.417712745 0.181269413
2025 2 22 -0.888763896 0.403618513 0.175159834
2025 2 23 -0.896648414 0.389398118 0.168995411
2025 2 24 -0.904260627 0.375055924 0.162778028
2025 2 25 -0.911598031 0.360596387 0.156509618
2025 2 26 -0.918658197 0.346024073 0.150192171
2025 2 27 -0.925438795 0.331343664 0.143827738
2025 2 28 -0.931937629 0.316559962 0.137418430
2025 3 1 -0.938152671 0.301677878 0.130966416
2025 3 2 -0.944082100 0.286702405 0.124473908
2025 3 3 -0.949724321 0.271638582 0.117943136
2025 3 4 -0.955077963 0.256491448 0.111376331
2025 3 5 -0.960141867 0.241266008 0.104775701
2025 3 6 -0.964915052 0.225967199 0.098143414
2025 3 7 -0.969396678 0.210599882 0.091481595
2025 3 8 -0.973586016 0.195168837 0.084792322
2025 3 9 -0.977482421 0.179678770 0.078077631
2025 3 10 -0.981085306 0.164134319 0.071339521
2025 3 11 -0.984394135 0.148540069 0.064579960
2025 3 12 -0.987408406 0.132900561 0.057800892
2025 3 13 -0.990127648 0.117220309 0.051004243
2025 3 14 -0.992551415 0.101503802 0.044191930
2025 3 15 -0.994679286 0.085755524 0.037365862
2025 3 16 -0.996510869 0.069979961 0.030527952
2025 3 17 -0.998045800 0.054181608 0.023680119
2025 3 18 -0.999283751 0.038364977 0.016824289
2025 3 19 -1.000224438 0.022534604 0.009962403
2025 3 20 -1.000867620 0.006695047 0.003096416
2025 3 21 -1.001213110 -0.009149102 -0.003771700
2025 3 22 -1.001260772 -0.024993222 -0.010639953
2025 3 23 -1.001010532 -0.040832653 -0.017506330
2025 3 24 -1.000462377 -0.056662690 -0.024368795
2025 3 25 -0.999616365 -0.072478577 -0.031225277
2025 3 26 -0.998472640 -0.088275492 -0.038073672
2025 3 27 -0.997031452 -0.104048544 -0.044911834
2025 3 28 -0.995293194 -0.119792768 -0.051737577
2025 3 29 -0.993258431 -0.135503138 -0.058548678
2025 3 30 -0.990927941 -0.151174594 -0.065342895
2025 3 31 -0.988302736 -0.166802081 -0.072117988
2025 4 1 -0.985384053 -0.182380603 -0.078871747
2025 4 2 -0.982173333 -0.197905260 -0.085602014
2025 4 3 -0.978672181 -0.213371283 -0.092306698
2025 4 4 -0.974882313 -0.228774035 -0.098983779
2025 4 5 -0.970805522 -0.244109008 -0.105631307
2025 4 6 -0.966443646 -0.259371812 -0.112247389
2025 4 7 -0.961798553 -0.274558152 -0.118830184
2025 4 8 -0.956872131 -0.289663813 -0.125377889
2025 4 9 -0.951666282 -0.304684648 -0.131888734
2025 4 10 -0.946182924 -0.319616565 -0.138360978
2025 4 11 -0.940423990 -0.334455518 -0.144792899
2025 4 12 -0.934391425 -0.349197498 -0.151182789
2025 4 13 -0.928087194 -0.363838527 -0.157528956
2025 4 14 -0.921513280 -0.378374648 -0.163829713
2025 4 15 -0.914671690 -0.392801920 -0.170083378
2025 4 16 -0.907564458 -0.407116412 -0.176288268
2025 4 17 -0.900193649 -0.421314201 -0.182442701
2025 4 18 -0.892561367 -0.435391359 -0.188544988
2025 4 19 -0.884669758 -0.449343960 -0.194593434
2025 4 20 -0.876521018 -0.463168066 -0.200586333
2025 4 21 -0.868117397 -0.476859727 -0.206521969
2025 4 22 -0.859461209 -0.490414972 -0.212398608
2025 4 23 -0.850554852 -0.503829802 -0.218214495
2025 4 24 -0.841400821 -0.517100189 -0.223967856
2025 4 25 -0.832001739 -0.530222074 -0.229656894
2025 4 26 -0.822360391 -0.543191383 -0.235279798
2025 4 27 -0.812479751 -0.556004048 -0.240834758
2025 4 28 -0.802363001 -0.568656053 -0.246319987
2025 4 29 -0.792013526 -0.581143479 -0.251733744
2025 4 30 -0.781434883 -0.593462550 -0.257074364
2025 5 1 -0.770630755 -0.605609658 -0.262340267
2025 5 2 -0.759604899 -0.617581367 -0.267529962
2025 5 3 -0.748361102 -0.629374406 -0.272642040
2025 5 4 -0.736903149 -0.640985643 -0.277675163
2025 5 5 -0.725234812 -0.652412063 -0.282628048
2025 5 6 -0.713359840 -0.663650746 -0.287499460
2025 5 7 -0.701281964 -0.674698853 -0.292288198
2025 5 8 -0.689004902 -0.685553612 -0.296993094
2025 5 9 -0.676532356 -0.696212311 -0.301613002
2025 5 10 -0.663868021 -0.706672291 -0.306146802
2025 5 11 -0.651015585 -0.716930943 -0.310593388
2025 5 12 -0.637978729 -0.726985693 -0.314951673
2025 5 13 -0.624761136 -0.736834009 -0.319220580
2025 5 14 -0.611366487 -0.746473382 -0.323399040
2025 5 15 -0.597798469 -0.755901327 -0.327485989
2025 5 16 -0.584060782 -0.765115377 -0.331480365
2025 5 17 -0.570157147 -0.774113073 -0.335381105
2025 5 18 -0.556091312 -0.782891964 -0.339187140
2025 5 19 -0.541867065 -0.791449599 -0.342897397
2025 5 20 -0.527488246 -0.799783527 -0.346510795
2025 5 21 -0.512958761 -0.807891293 -0.350026242
2025 5 22 -0.498282606 -0.815770440 -0.353442642
2025 5 23 -0.483463885 -0.823418515 -0.356758890
2025 5 24 -0.468506837 -0.830833086 -0.359973890
2025 5 25 -0.453415857 -0.838011764 -0.363086563
2025 5 26 -0.438195505 -0.844952246 -0.366095868
2025 5 27 -0.422850499 -0.851652353 -0.369000829
2025 5 28 -0.407385682 -0.858110066 -0.371800548
2025 5 29 -0.391805977 -0.864323557 -0.374494225
2025 5 30 -0.376116335 -0.870291184 -0.377081153
2025 5 31 -0.360321692 -0.876011480 -0.379560714
2025 6 1 -0.344426937 -0.881483129 -0.381932362
2025 6 2 -0.328436898 -0.886704938 -0.384195610
2025 6 3 -0.312356344 -0.891675812 -0.386350014
2025 6 4 -0.296189986 -0.896394735 -0.388395169
2025 6 5 -0.279942484 -0.900860763 -0.390330697
2025 6 6 -0.263618457 -0.905073012 -0.392156245
2025 6 7 -0.247222483 -0.909030652 -0.393871481
2025 6 8 -0.230759105 -0.912732907 -0.395476095
2025 6 9 -0.214232833 -0.916179044 -0.396969791
2025 6 10 -0.197648146 -0.919368373 -0.398352288
2025 6 11 -0.181009493 -0.922300234 -0.399623314
2025 6 12 -0.164321300 -0.924973995 -0.400782602
2025 6 13 -0.147587979 -0.927389042 -0.401829889
2025 6 14 -0.130813932 -0.929544773 -0.402764909
2025 6 15 -0.114003571 -0.931440590 -0.403587391
2025 6 16 -0.097161327 -0.933075903 -0.404297059
2025 6 17 -0.080291670 -0.934450122 -0.404893634
2025 6 18 -0.063399126 -0.935562669 -0.405376830
2025 6 19 -0.046488292 -0.936412979 -0.405746368
2025 6 20 -0.029563859 -0.937000519 -0.406001976
2025 6 21 -0.012630625 -0.937324804 -0.406143401
2025 6 22 0.004306497 -0.937385423 -0.406170428
2025 6 23 0.021242480 -0.937182073 -0.406082892
2025 6 24 0.038172193 -0.936714592 -0.405880697
2025 6 25 0.055090440 -0.935982983 -0.405563835
2025 6 26 0.071991993 -0.934987436 -0.405132386
2025 6 27 0.088871644 -0.933728323 -0.404586526
2025 6 28 0.105724245 -0.932206185 -0.403926512
2025 6 29 0.122544730 -0.930421707 -0.403152670
2025 6 30 0.139328131 -0.928375689 -0.402265381
2025 7 1 0.156069579 -0.926069025 -0.401265067
2025 7 2 0.172764295 -0.923502678 -0.400152180
2025 7 3 0.189407585 -0.920677675 -0.398927196
2025 7 4 0.205994826 -0.917595094 -0.397590612
2025 7 5 0.222521466 -0.914256060 -0.396142942
2025 7 6 0.238983015 -0.910661743 -0.394584715
2025 7 7 0.255375046 -0.906813354 -0.392916474
2025 7 8 0.271693191 -0.902712134 -0.391138772
2025 7 9 0.287933138 -0.898359356 -0.389252170
2025 7 10 0.304090627 -0.893756309 -0.387257227
2025 7 11 0.320161444 -0.888904291 -0.385154505
2025 7 12 0.336141404 -0.883804605 -0.382944556
2025 7 13 0.352026339 -0.878458546 -0.380627922
2025 7 14 0.367812073 -0.872867408 -0.378205139
2025 7 15 0.383494407 -0.867032483 -0.375676732
2025 7 16 0.399069094 -0.860955072 -0.373043229
2025 7 17 0.414531824 -0.854636504 -0.370305166
2025 7 18 0.429878217 -0.848078154 -0.367463098
2025 7 19 0.445103811 -0.841281469 -0.364517614
2025 7 20 0.460204072 -0.834247991 -0.361469350
2025 7 21 0.475174403 -0.826979385 -0.358319004
2025 7 22 0.490010167 -0.819477458 -0.355067346
2025 7 23 0.504706719 -0.811744182 -0.351715226
2025 7 24 0.519259439 -0.803781691 -0.348263581
2025 7 25 0.533663773 -0.795592285 -0.344713426
2025 7 26 0.547915261 -0.787178409 -0.341065848
2025 7 27 0.562009563 -0.778542628 -0.337321994
2025 7 28 0.575942461 -0.769687610 -0.333483055
2025 7 29 0.589709867 -0.760616094 -0.329550255
2025 7 30 0.603307814 -0.751330879 -0.325524840
2025 7 31 0.616732445 -0.741834806 -0.321408074
2025 8 1 0.629980005 -0.732130752 -0.317201231
2025 8 2 0.643046834 -0.722221626 -0.312905595
2025 8 3 0.655929362 -0.712110365 -0.308522459
2025 8 4 0.668624104 -0.701799929 -0.304053121
2025 8 5 0.681127661 -0.691293297 -0.299498882
2025 8 6 0.693436714 -0.680593459 -0.294861043
2025 8 7 0.705548023 -0.669703409 -0.290140899
2025 8 8 0.717458416 -0.658626133 -0.285339735
2025 8 9 0.729164774 -0.647364600 -0.280458821
2025 8 10 0.740664012 -0.635921757 -0.275499409
2025 8 11 0.751953056 -0.624300526 -0.270462733
2025 8 12 0.763028812 -0.612503815 -0.265350014
2025 8 13 0.773888150 -0.600534537 -0.260162473
2025 8 14 0.784527885 -0.588395630 -0.254901340
2025 8 15 0.794944774 -0.576090090 -0.249567875
2025 8 16 0.805135526 -0.563620996 -0.244163378
2025 8 17 0.815096816 -0.550991534 -0.238689206
2025 8 18 0.824825311 -0.538205016 -0.233146781
2025 8 19 0.834317697 -0.525264894 -0.227537593
2025 8 20 0.843570712 -0.512174758 -0.221863207
2025 8 21 0.852581171 -0.498938338 -0.216125257
2025 8 22 0.861345998 -0.485559487 -0.210325438
2025 8 23 0.869862245 -0.472042173 -0.204465501
2025 8 24 0.878127104 -0.458390448 -0.198547238
2025 8 25 0.886137919 -0.444608437 -0.192572473
2025 8 26 0.893892180 -0.430700310 -0.186543050
2025 8 27 0.901387520 -0.416670269 -0.180460822
2025 8 28 0.908621705 -0.402522538 -0.174327651
2025 8 29 0.915592626 -0.388261349 -0.168145395
2025 8 30 0.922298287 -0.373890940 -0.161915913
2025 8 31 0.928736806 -0.359415552 -0.155641059
2025 9 1 0.934906405 -0.344839422 -0.149322681
2025 9 2 0.940805408 -0.330166782 -0.142962618
2025 9 3 0.946432241 -0.315401850 -0.136562700
2025 9 4 0.951785424 -0.300548821 -0.130124738
2025 9 5 0.956863563 -0.285611858 -0.123650523
2025 9 6 0.961665336 -0.270595079 -0.117141817
2025 9 7 0.966189467 -0.255502555 -0.110600355
2025 9 8 0.970434704 -0.240338304 -0.104027842
2025 9 9 0.974399779 -0.225106308 -0.097425958
2025 9 10 0.978083394 -0.209810532 -0.090796378
2025 9 11 0.981484198 -0.194454959 -0.084140784
2025 9 12 0.984600796 -0.179043626 -0.077460890
2025 9 13 0.987431768 -0.163580655 -0.070758453
2025 9 14 0.989975697 -0.148070274 -0.064035290
2025 9 15 0.992231204 -0.132516831 -0.057293281
2025 9 16 0.994196987 -0.116924788 -0.050534365
2025 9 17 0.995871839 -0.101298718 -0.043760541
2025 9 18 0.997254684 -0.085643287 -0.036973855
2025 9 19 0.998344580 -0.069963242 -0.030176395
2025 9 20 0.999140744 -0.054263393 -0.023370279
2025 9 21 0.999642546 -0.038548591 -0.016557646
2025 9 22 0.999849522 -0.022823716 -0.009740645
2025 9 23 0.999761362 -0.007093657 -0.002921429
2025 9 24 0.999377912 0.008636702 0.003897853
2025 9 25 0.998699158 0.024362491 0.010715064
2025 9 26 0.997725227 0.040078866 0.017528083
2025 9 27 0.996456369 0.055781009 0.024334804
2025 9 28 0.994892956 0.071464141 0.031133142
2025 9 29 0.993035476 0.087123518 0.037921036
2025 9 30 0.990884524 0.102754441 0.044696446
2025 10 1 0.988440803 0.118352259 0.051457361
2025 10 2 0.985705115 0.133912378 0.058201800
2025 10 3 0.982678351 0.149430271 0.064927820
2025 10 4 0.979361476 0.164901486 0.071633517
2025 10 5 0.975755510 0.180321654 0.078317030
2025 10 6 0.971861491 0.195686491 0.084976542
2025 10 7 0.967680450 0.210991779 0.091610272
2025 10 8 0.963213377 0.226233349 0.098216456
2025 10 9 0.958461210 0.241407034 0.104793332
2025 10 10 0.953424843 0.256508630 0.111339110
2025 10 11 0.948105158 0.271533860 0.117851960
2025 10 12 0.942503059 0.286478356 0.124329995
2025 10 13 0.936619525 0.301337652 0.130771275
2025 10 14 0.930455645 0.316107198 0.137173813
2025 10 15 0.924012641 0.330782378 0.143535584
2025 10 16 0.917291887 0.345358534 0.149854539
2025 10 17 0.910294916 0.359830981 0.156128615
2025 10 18 0.903023420 0.374195031 0.162355746
2025 10 19 0.895479253 0.388446006 0.168533868
2025 10 20 0.887664424 0.402579252 0.174660933
2025 10 21 0.879581092 0.416590153 0.180734908
2025 10 22 0.871231564 0.430474141 0.186753786
2025 10 23 0.862618282 0.444226706 0.192715591
2025 10 24 0.853743819 0.457843403 0.198618377
2025 10 25 0.844610868 0.471319860 0.204460236
2025 10 26 0.835222236 0.484651783 0.210239300
2025 10 27 0.825580832 0.497834959 0.215953741
2025 10 28 0.815689665 0.510865261 0.221601773
2025 10 29 0.805551834 0.523738655 0.227181658
2025 10 30 0.795170519 0.536451202 0.232691703
2025 10 31 0.784548972 0.548999069 0.238130271
2025 11 1 0.773690500 0.561378533 0.243495775
2025 11 2 0.762598446 0.573585989 0.248786688
2025 11 3 0.751276156 0.585617941 0.254001537
2025 11 4 0.739726953 0.597471001 0.259138895
2025 11 5 0.727954105 0.609141850 0.264197369
2025 11 6 0.715960816 0.620627208 0.269175574
2025 11 7 0.703750229 0.631923782 0.274072112
2025 11 8 0.691325466 0.643028232 0.278885549
2025 11 9 0.678689672 0.653937148 0.283614406
2025 11 10 0.665846071 0.664647052 0.288257163
2025 11 11 0.652798004 0.675154417 0.292812268
2025 11 12 0.639548956 0.685455697 0.297278153
2025 11 13 0.626102562 0.695547353 0.301653250
2025 11 14 0.612462612 0.705425876 0.305936003
2025 11 15 0.598633037 0.715087809 0.310124878
2025 11 16 0.584617908 0.724529761 0.314218373
2025 11 17 0.570421425 0.733748413 0.318215020
2025 11 18 0.556047909 0.742740532 0.322113391
2025 11 19 0.541501794 0.751502976 0.325912101
2025 11 20 0.526787621 0.760032702 0.329609813
2025 11 21 0.511910031 0.768326772 0.333205242
2025 11 22 0.496873755 0.776382361 0.336697155
2025 11 23 0.481683603 0.784196761 0.340084375
2025 11 24 0.466344458 0.791767386 0.343365787
2025 11 25 0.450861263 0.799091777 0.346540334
2025 11 26 0.435239011 0.806167605 0.349607021
2025 11 27 0.419482733 0.812992671 0.352564917
2025 11 28 0.403597485 0.819564916 0.355413156
2025 11 29 0.387588332 0.825882415 0.358150935
2025 11 30 0.371460330 0.831943384 0.360777518
2025 12 1 0.355218496 0.837746168 0.363292227
2025 12 2 0.338867789 0.843289231 0.365694437
2025 12 3 0.322413085 0.848571129 0.367983561
2025 12 4 0.305859166 0.853590473 0.370159027
2025 12 5 0.289210728 0.858345887 0.372220259
2025 12 6 0.272472418 0.862835969 0.374166657
2025 12 7 0.255648880 0.867059275 0.375997585
2025 12 8 0.238744809 0.871014315 0.377712379
2025 12 9 0.221764995 0.874699580 0.379310351
2025 12 10 0.204714347 0.878113572 0.380790818
2025 12 11 0.187597899 0.881254837 0.382153111
2025 12 12 0.170420804 0.884121991 0.383396594
2025 12 13 0.153188320 0.886713744 0.384520672
2025 12 14 0.135905799 0.889028904 0.385524800
2025 12 15 0.118578673 0.891066391 0.386408482
2025 12 16 0.101212442 0.892825242 0.387171279
2025 12 17 0.083812669 0.894304611 0.387812806
2025 12 18 0.066384970 0.895503778 0.388332738
2025 12 19 0.048935007 0.896422149 0.388730810
2025 12 20 0.031468482 0.897059267 0.389006823
2025 12 21 0.013991124 0.897414813 0.389160642
2025 12 22 -0.003491320 0.897488614 0.389192201
2025 12 23 -0.020973098 0.897280641 0.389101504
2025 12 24 -0.038448469 0.896791019 0.388888626
2025 12 25 -0.055911720 0.896020020 0.388553713
2025 12 26 -0.073357175 0.894968062 0.388096977
2025 12 27 -0.090779220 0.893635709 0.387518698
2025 12 28 -0.108172317 0.892023657 0.386819215
2025 12 29 -0.125531024 0.890132728 0.385998921
2025 12 30 -0.142850007 0.887963847 0.385058255
2025 12 31 -0.160124059 0.885518019 0.383997684
