60949.0 0.9884401023941619 0.1290543225856068 0.0001334588087317561
60949.166666667 0.9880044068522954 0.1318837993892465 0.0001332072215455854
60949.333333333 0.9875606048620225 0.1347121102326892 0.0001329523506857867
60949.5 0.9871087004595721 0.1375392322058591 0.0001326942664968463
60949.666666667 0.9866486977480459 0.1403651424596114 0.0001324330445442781
60949.833333333 0.9861806008955661 0.1431898182072144 0.0001321687656915025
60950.0 0.9857044141332743 0.1460132367258135 0.0001319015161723482
60950.166666667 0.98522014175317 0.1488353753578649 0.000131631387657479
60950.333333333 0.9847277881057901 0.1516562115125242 0.0001313584773137596
60950.5 0.9842273575977125 0.1544757226669764 0.0001310828878546827
60950.666666667 0.9837188546888931 0.1572938863676891 0.000130804727580872
60950.833333333 0.9832022838898218 0.1601106802315733 0.000130524110408489
60951.0 0.9826776497585066 0.1629260819470316 0.0001302411558840999
60951.166666667 0.9821449568972771 0.1657400692748755 0.0001299559891846065
60951.333333333 0.981604209949416 0.1685526200490905 0.000129668741099666
60951.5 0.9810554135956218 0.1713637121774283 0.0001293795479955829
60951.666666667 0.9804985725503075 0.1741733236418049 0.0001290885517584823
60951.833333333 0.979933691557746 0.1769814324984807 0.0001287958997150719
60952.0 0.9793607753880755 0.1797880168780035 0.0001285017445290494
60952.166666667 0.9787798288331757 0.1825930549848896 0.0001282062440720231
60952.333333333 0.9781908567024361 0.1853965250970248 0.0001279095612667907
60952.5 0.9775938638184354 0.1881984055647617 0.0001276118639019439
60952.666666667 0.9769888550125535 0.190998674809698 0.0001273133244165279
60952.833333333 0.9763758351205448 0.1937973113231151 0.0001270141196535242
60953.0 0.9757548089781013 0.1965942936640651 0.0001267144305816695
60953.166666667 0.9751257814164351 0.1993896004570908 0.0001264144419850524
60953.333333333 0.9744887572579165 0.2021832103895722 0.0001261143421199755
60953.5 0.9738437413118036 0.2049751022086911 0.0001258143223399064
60953.666666667 0.9731907383700998 0.2077652547180122 0.0001255145766885534
60953.833333333 0.9725297532035794 0.2105536467736836 0.0001252153014619881
60954.0 0.9718607905580214 0.2133402572802619 0.0001249166947417452
60954.166666667 0.9711838551506925 0.2161250651861731 0.0001246189559000564
60954.333333333 0.9704989516671153 0.2189080494788257 0.000124322285079622
60954.5 0.9698060847581673 0.2216891891793956 0.0001240268826508341
60954.666666667 0.9691052590375411 0.2244684633373101 0.0001237329486490405
60954.833333333 0.9683964790796054 0.2272458510244592 0.0001234406821954354
60955.0 0.9676797494176961 0.23002133132917 0.0001231502809056118
60955.166666667 0.9669550745428672 0.2327948833499838 0.0001228619402891729
60955.333333333 0.966222458903124 0.2355664861892764 0.0001225758531452612
60955.5 0.9654819069031585 0.2383361189467695 0.0001222922089582103
60955.666666667 0.9647334229046016 0.2411037607129791 0.0001220111932980542
60955.833333333 0.9639770112267989 0.2438693905626537 0.0001217329872301992
60956.0 0.9632126761481112 0.2466329875482499 0.0001214577667393286
60956.166666667 0.9624404219077403 0.2493945306934994 0.0001211857021717088
60956.333333333 0.9616602527080673 0.2521539989871169 0.0001209169577003936
60956.5 0.9608721727174862 0.2549113713766979 0.0001206516908173351
60956.666666667 0.9600761860737155 0.2576666267628535 0.0001203900518564843
60956.833333333 0.9592722968875592 0.2604197439936273 0.0001201321835505482
60957.0 0.9584605092470855 0.2631707018592341 0.0001198782206255347
60957.166666667 0.9576408272221868 0.2659194790871559 0.0001196282894345432
60957.333333333 0.9568132548694864 0.268666054337629 0.0001193825076337522
60957.5 0.9559777962375421 0.2714104061995475 0.0001191409839013996
60957.666666667 0.9551344553723099 0.2741525131868039 0.0001189038177013631
60957.833333333 0.954283236322817 0.2768923537350844 0.000118671099091539
60958.0 0.9534241431470002 0.2796299061991279 0.0001184429085771568
60958.166666667 0.9525571799176621 0.2823651488504547 0.0001182193170084567
60958.333333333 0.9516823507285019 0.2850980598755629 0.0001180003855219957
60958.5 0.9507996597001719 0.2878286173745898 0.0001177861655240255
60958.666666667 0.949909110986324 0.2905567993604257 0.000117576698714261
60958.833333333 0.9490107087796007 0.2932825837582695 0.0001173720171481736
60959.0 0.9481044573175382 0.2960059484056041 0.0001171721433354653
60959.166666667 0.9471903608883454 0.2987268710525756 0.0001169770903716519
60959.333333333 0.9462684238365311 0.3014453293627479 0.0001167868621013448
60959.5 0.9453386505683499 0.3041613009142126 0.0001166014533086899
60959.666666667 0.9444010455570482 0.3068747632010206 0.000116420849933741
60959.833333333 0.943455613347889 0.3095856936349137 0.0001162450293106229
60960.0 0.94250235856294 0.3122940695473226 0.0001160739604253168
60960.166666667 0.9415412859056153 0.3149998681916048 0.0001159076041900565
60960.333333333 0.94057240016496 0.317703066745494 0.0001157459137315314
60960.5 0.9395957062196753 0.3204036423137293 0.000115588834690209
60960.666666667 0.9386112090418796 0.323101571930842 0.0001154363055284728
60960.833333333 0.9376189137006065 0.325796832564072 0.0001152882578454086
60961.0 0.9366188253650436 0.328489401116388 0.0001151446166954758
60961.166666667 0.9356109493075165 0.3311792544295913 0.0001150053009101669
60961.333333333 0.9345952909062225 0.3338663692874801 0.0001148702234195178
60961.5 0.9335718556477246 0.3365507224190558 0.000114739291573219
60961.666666667 0.9325406491292156 0.3392322905017521 0.0001146124074589635
60961.833333333 0.9315016770605595 0.3419110501646743 0.000114489468217507
60962.0 0.9304549452661222 0.3445869779918323 0.000114370366352773
60962.166666667 0.929400459686406 0.3472600505253546 0.0001142549900365541
60962.333333333 0.928338226379495 0.3499302442686759 0.0001141432234072365
60962.5 0.9272682515223262 0.3525975356896857 0.0001140349468613031
60962.666666667 0.9261905414117957 0.3552619012238335 0.0001139300373378893
60962.833333333 0.9251051024657152 0.3579233172771826 0.0001138283685957431
60963.0 0.924011941223626 0.3605817602294086 0.0001137298114823663
60963.166666667 0.9229110643474832 0.3632372064367393 0.0001136342341954605
60963.333333333 0.9218024786222205 0.3658896322348325 0.0001135415025362066
60963.5 0.9206861909562046 0.3685390139415912 0.0001134514801548474
60963.666666667 0.9195622083815896 0.3711853278599146 0.0001133640287887767
60963.833333333 0.9184305380545783 0.3738285502803858 0.0001132790084926339
60964.0 0.9172911872555973 0.376468657483895 0.0001131962778612265
60964.166666667 0.9161441633893996 0.379105625744202 0.0001131156942452073
60964.333333333 0.9149894739850902 0.3817394313304361 0.0001130371139602259
60964.5 0.9138271266960925 0.3843700505095375 0.000112960392488934
60964.666666667 0.91265712930005 0.3869974595486422 0.0001128853846768903
60964.833333333 0.9114794896986776 0.3896216347174102 0.0001128119449224376
60965.0 0.910294215917558 0.3922425522903027 0.000112739927360804
60965.166666667 0.9091013161058934 0.3948601885488074 0.0001126691860423514
60965.333333333 0.9079007985362126 0.3974745197836157 0.0001125995751061181
60965.5 0.9066926716040346 0.4000855222967541 0.0001125309489477824
60965.666666667 0.905476943827496 0.4026931724036711 0.0001124631623832694
60965.833333333 0.9042536238469365 0.4052974464352823 0.0001123960708074512
60966.0 0.9030227204244536 0.4078983207399745 0.0001123295303486645
60966.166666667 0.9017842424434176 0.4104957716855715 0.0001122633980187449
60966.333333333 0.9005381989079551 0.4130897756612628 0.0001121975318592766
60966.5 0.8992845989423993 0.415680309079495 0.0001121317910836587
60966.666666667 0.8980234517907082 0.4182673483778292 0.0001120660362152861
60966.833333333 0.8967547668158493 0.4208508700207632 0.0001120001292220707
60967.0 0.8954785534991546 0.42343085050152 0.0001119339336470771
60967.166666667 0.8941948214396431 0.4260072663438034 0.0001118673147355483
60967.333333333 0.8929035803533142 0.428580094103519 0.0001118001395583942
60967.5 0.8916048400724091 0.4311493103704634 0.0001117322771315226
60967.666666667 0.8902986105446435 0.4337148917699794 0.0001116635985322312
60967.833333333 0.8889849018324109 0.4362768149645765 0.0001115939770112666
60968.0 0.8876637241119555 0.4388350566555186 0.0001115232881014718
60968.166666667 0.8863350876725197 0.4413895935843776 0.0001114514097227487
60968.333333333 0.8849990029154621 0.4439404025345488 0.0001113782222831347
60968.5 0.8836554803533496 0.4464874603327343 0.0001113036087758962
60968.666666667 0.8823045306090248 0.4490307438503871 0.0001112274548732102
60968.833333333 0.8809461644146485 0.4515702300051192 0.0001111496490155619
60969.0 0.8795803926107196 0.4541058957620718 0.0001110700824973336
60969.166666667 0.8782072261450734 0.4566377181352466 0.0001109886495486076
60969.333333333 0.8768266760718603 0.4591656741887986 0.0001109052474128107
60969.5 0.8754387535505059 0.4616897410382896 0.0001108197764205239
60969.666666667 0.8740434698446558 0.4642098958519016 0.0001107321400591582
60969.833333333 0.8726408363211036 0.4667261158516098 0.0001106422450391442
60970.0 0.8712308644487097 0.4692383783143162 0.0001105500013554403
60970.166666667 0.8698135657973065 0.4717466605729437 0.0001104553223459524
60970.333333333 0.8683889520365975 0.4742509400174885 0.0001103581247459454
60970.5 0.8669570349350485 0.4767511940960354 0.0001102583287383199
60970.666666667 0.8655178263587764 0.4792474003157322 0.000110155858000777
60970.833333333 0.8640713382704341 0.4817395362437279 0.0001100506397494713
60971.0 0.8626175827280979 0.484227579508073 0.0001099426047788792
60971.166666667 0.8611565718841546 0.4867115077985845 0.0001098316874987784
60971.333333333 0.859688317984195 0.489191298867675 0.0001097178259681892
60971.5 0.8582128333659113 0.4916669305311517 0.0001096009619262533
60971.666666667 0.8567301304580047 0.4941383806689817 0.0001094810408203729
60971.833333333 0.8552402217791001 0.4966056272260294 0.0001093580118324822
60972.0 0.8537431199366735 0.4990686482127667 0.0001092318279021071
60972.166666667 0.8522388376259911 0.5015274217059591 0.0001091024457477555
60972.333333333 0.8507273876290602 0.5039819258493281 0.0001089698258872131
60972.5 0.8492087828135976 0.5064321388541954 0.000108833932655248
60972.666666667 0.8476830361320095 0.5088780390001092 0.0001086947342206444
60972.833333333 0.8461501606203886 0.5113196046354572 0.0001085522026017908
60973.0 0.8446101693975264 0.5137568141780673 0.0001084063136820696
60973.166666667 0.8430630756639398 0.5161896461158012 0.0001082570472240013
60973.333333333 0.8415088927009144 0.5186180790071419 0.0001081043868839869
60973.5 0.8399476338695604 0.5210420914817793 0.000107948320226153
60973.666666667 0.8383793126098825 0.5234616622411975 0.0001077888387369695
60973.833333333 0.836803942439862 0.5258767700592656 0.0001076259378402905
60974.0 0.8352215369545478 0.5282873937828341 0.0001074596169133412
60974.166666667 0.833632109825158 0.530693512332345 0.0001072898793028046
60974.333333333 0.8320356747981851 0.5330951047024513 0.000107116732343299
60974.5 0.8304322456945059 0.5354921499626537 0.0001069401873762287
60974.666666667 0.8288218364084914 0.537884627257956 0.0001067602597703284
60974.833333333 0.8272044609071135 0.5402725158095414 0.000106576968944473
60975.0 0.825580133229045 0.5426557949154707 0.0001063903383914345
60975.166666667 0.8239488674837491 0.5450344439514074 0.0001062003957041287
60975.333333333 0.8223106778505525 0.5474084423713693 0.0001060071726033558
60975.5 0.8206655785777002 0.5497777697085074 0.0001058107049680072
60975.666666667 0.8190135839813838 0.5521424055759159 0.000105611032866715
60975.833333333 0.8173547084447393 0.5545023296674726 0.0001054082005919437
60976.0 0.8156889664168095 0.556857521758709 0.0001052022566952761
60976.166666667 0.8140163724114635 0.5592079617077114 0.000104993254025314
60976.333333333 0.8123369410062651 0.5615536294560524 0.0001047812497658036
60976.5 0.8106506868412879 0.5638945050297496 0.0001045663054764246
60976.666666667 0.8089576246178699 0.5662305685402537 0.0001043484871334305
60976.833333333 0.8072577690972944 0.5685618001854595 0.0001041278651713846
60977.0 0.8055511350993977 0.5708881802507385 0.0001039045145245966
60977.166666667 0.8038377375010889 0.5732096891099872 0.0001036785146688836
60977.333333333 0.8021175912347811 0.5755263072266896 0.0001034499496620853
60977.5 0.8003907112867213 0.5778380151549858 0.0001032189081826131
60977.666666667 0.7986571126952143 0.5801447935407392 0.0001029854835660301
60977.833333333 0.7969168105487333 0.5824466231225983 0.0001027497738389189
60978.0 0.7951698199839085 0.5847434847330395 0.0001025118817471449
60978.166666667 0.7934161561833883 0.5870353592993859 0.0001022719147812064
60978.333333333 0.7916558343735681 0.5893222278447859 0.000102029985193741
60978.5 0.7898888698221769 0.5916040714891461 0.0001017862100100842
60978.666666667 0.7881152778357227 0.5938808714499983 0.0001015407110309584
60978.833333333 0.7863350737567869 0.5961526090432916 0.0001012936148245543
60979.0 0.7845482729611701 0.5984192656840901 0.0001010450527073814
60979.166666667 0.7827548908548837 0.6006808228871626 0.0001007951607125423
60979.333333333 0.7809549428709897 0.6029372622674442 0.0001005440795434157
60979.5 0.7791484444662882 0.6051885655403524 0.0001002919545115498
60979.666666667 0.7773354111178588 0.6074347145219371 0.0001000389354570515
60979.833333333 0.7755158583194582 0.609675691128846 9.978517664927627e-05
60980.0 0.7736898015777843 0.6119114773780806 9.953083666722426e-05
60980.166666667 0.7718572564086144 0.6141420553865268 9.92760782570009e-05
60980.333333333 0.770018238332833 0.6163674073702348 9.902106816557092e-05
60980.5 0.7681727628723634 0.6185875156434281 9.876597694856459e-05
60980.666666667 0.7663208455460203 0.620802362617222 9.851097875118964e-05
60980.833333333 0.7644625018653085 0.6230119307980326 9.825625106125295e-05
60981.0 0.7625977473301875 0.6252162027856542 9.800197443244927e-05
60981.166666667 0.7607265974248335 0.6274151612709928 9.7748332178365e-05
60981.333333333 0.7588490676134275 0.6296087890334395 9.749551003440837e-05
60981.5 0.7569651733360028 0.6317970689378721 9.724369579005627e-05
60981.666666667 0.7550749300043891 0.6339799839312761 9.699307888987389e-05
60981.833333333 0.7531783529982904 0.6361575170389798 9.67438500032078e-05
60982.0 0.7512754576615378 0.6383296513605069 9.649620056549052e-05
60982.166666667 0.7493662592985593 0.6404963700650409 9.625032228951335e-05
60982.333333333 0.7474507731711079 0.6426576563865207 9.600640665149835e-05
60982.5 0.7455290144952954 0.6448134936183749 9.576464435117253e-05
60982.666666667 0.7436009984389694 0.6469638651079133 9.552522475017736e-05
60982.833333333 0.7416667401194811 0.649108754250404 9.528833529234959e-05
60983.0 0.7397262546018797 0.6512481444828652 9.505416090706858e-05
60983.166666667 0.7377795568975749 0.6533820192776053 9.482288340169675e-05
60983.333333333 0.7358266619634982 0.6555103621355559 9.45946808477445e-05
60983.5 0.7338675847017959 0.6576331565794411 9.436972696260274e-05
60983.666666667 0.7319023399600767 0.6597503861468349 9.414819049545884e-05
60983.833333333 0.7299309425322336 0.6618620343831607 9.393023462003582e-05
60984.0 0.7279534071598545 0.6639680848346907 9.371601633928447e-05
60984.166666667 0.7259697485342239 0.6660685210416033 9.350568591014652e-05
60984.333333333 0.7239799812989176 0.668163326531161 9.32993862896339e-05
60984.5 0.721984120052981 0.6702524848110697 9.309725261133836e-05
60984.666666667 0.7199821793546717 0.6723359793630774 9.289941169371604e-05
60984.833333333 0.7179741737257473 0.674413793636874 9.270598158721915e-05
60985.0 0.7159601176562639 0.676485911044344 9.251707116381102e-05
60985.166666667 0.7139400256098478 0.6785523149542263 9.233277975130462e-05
60985.333333333 0.7119139120293994 0.6806129886872263 9.215319681730612e-05
60985.5 0.7098817913431759 0.6826679155116199 9.197840170445652e-05
60985.666666667 0.7078436779712045 0.6847170786393867 9.180846341876435e-05
60985.833333333 0.7057995863319635 0.6867604612228972 9.164344047202576e-05
60986.0 0.7037495308492762 0.6887980463521747 9.148338077952684e-05
60986.166666667 0.7016935259593539 0.690829817052746 9.132832161223186e-05
60986.333333333 0.699631586117929 0.6928557562840848 9.117828960251066e-05
60986.5 0.6975637258074157 0.6948758469386448 9.103330080255883e-05
60986.666666667 0.695489959544041 0.6968900718414758 9.089336079217367e-05
60986.833333333 0.6934103018848897 0.6988984137504055 9.075846483523857e-05
60987.0 0.6913247674348095 0.7009008553567632 9.062859807988548e-05
60987.166666667 0.6892333708531293 0.7028973792866234 9.050373579989514e-05
60987.333333333 0.6871361268601465 0.7048879681025302 9.03838436740481e-05
60987.5 0.6850330502433438 0.7068726043056743 9.02688780979976e-05
60987.666666667 0.6829241558633032 0.7088512703384773 9.015878652647336e-05
60987.833333333 0.6808094586592887 0.7108239485875472 9.005350783973973e-05
60988.0 0.6786889736544757 0.7127906213869593 8.995297273181832e-05
60988.166666667 0.6765627159608119 0.7147512710218223 8.985710411474753e-05
60988.333333333 0.6744307007834959 0.7167058797320839 8.976581753683698e-05
60988.5 0.6722929434250697 0.718654429716536 8.96790216092891e-05
60988.666666667 0.6701494592891222 0.720596903136978 8.959661843785078e-05
60988.833333333 0.6680002638836061 0.722533282122497 8.951850405800132e-05
60989.0 0.6658453728237772 0.724463548773832 8.944456886769975e-05
60989.166666667 0.6636848018347625 0.7263876851677832 8.937469805779159e-05
60989.333333333 0.6615185667537741 0.7283056733616385 8.930877203439692e-05
60989.5 0.6593466835319798 0.7302174953975851 8.924666683507317e-05
60989.666666667 0.6571691682360519 0.7321231333070825 8.918825453287537e-05
60989.833333333 0.6549860370494107 0.7340225691151747 8.91334036292105e-05
60990.0 0.652797306273182 0.7359157848447194 8.908197943374293e-05
60990.166666667 0.6506029923268913 0.7378027625205176 8.903384442995605e-05
60990.333333333 0.6484031117489144 0.7396834841733335 8.898885862537453e-05
60990.5 0.6461976811967055 0.7415579318437885 8.894687988679526e-05
60990.666666667 0.643986717446823 0.7434260875861224 8.890776425918286e-05
60990.833333333 0.6417702373947756 0.7452879334718161 8.887136626907587e-05
60991.0 0.6395482580547044 0.7471434515930705 8.88375392117072e-05
60991.166666667 0.6373207965589245 0.7489926240661385 8.880613542243621e-05
60991.333333333 0.6350878701573397 0.7508354330345121 8.877700653304035e-05
60991.5 0.6328494962167506 0.7526718606719605 8.875000371246801e-05
60991.666666667 0.6306056922200687 0.7545018891854273 8.872497789334733e-05
60991.833333333 0.6283564757654535 0.7563255008177849 8.870177998504795e-05
60992.0 0.6261018645653854 0.7581426778504534 8.868026107259842e-05
60992.166666667 0.6238418764456867 0.7599534026058867 8.866027260380002e-05
60992.333333333 0.6215765293445005 0.7617576574499336 8.864166656374019e-05
60992.5 0.6193058413112372 0.7635554247940791 8.862429563934509e-05
60992.666666667 0.6170298305054998 0.7653466870975723 8.860801337227811e-05
60992.833333333 0.6147485151959937 0.7671314268694459 8.859267430312254e-05
60993.0 0.6124619137594285 0.768909626670439 8.857813410640041e-05
60993.166666667 0.6101700446794162 0.7706812691148233 8.85642497173238e-05
60993.333333333 0.6078729265453728 0.7724463368721455 8.855087945107556e-05
60993.5 0.6055705780514254 0.7742048126688894 8.853788311561545e-05
60993.666666667 0.6032630179953281 0.7759566792900666 8.852512211791224e-05
60993.833333333 0.6009502652773903 0.7777019195807379 8.851245956484673e-05
60994.0 0.5986323388994177 0.7794405164474772 8.84997603589849e-05
60994.166666667 0.59630925796367 0.7811724528597805 8.848689129031702e-05
60994.333333333 0.5939810416718303 0.7828977118514249 8.84737211231159e-05
60994.5 0.5916477093239938 0.7846162765217851 8.84601206806536e-05
60994.666666667 0.5893092803176689 0.7863281300371107 8.844596292533614e-05
60994.833333333 0.5869657741467952 0.788033255631769 8.843112303724456e-05
60995.0 0.5846172104007725 0.7897316366094588 8.841547848943851e-05
60995.166666667 0.5822636087635056 0.791423256344396 8.839890912211466e-05
60995.333333333 0.5799049890124568 0.7931080982824773 8.838129721397575e-05
60995.5 0.5775413710177099 0.7947861459424239 8.836252755260385e-05
60995.666666667 0.5751727747410409 0.7964573829169072 8.834248750289107e-05
60995.833333333 0.5727992202349956 0.7981217928736593 8.832106707477306e-05
60996.0 0.5704207276419683 0.7997793595565709 8.829815898941865e-05
60996.166666667 0.5680373171932852 0.8014300667867779 8.82736587444731e-05
60996.333333333 0.5656490092082863 0.8030738984637349 8.824746467805639e-05
60996.5 0.5632558240934045 0.8047108385662838 8.821947803241272e-05
60996.666666667 0.5608577823412418 0.8063408711537091 8.818960301561779e-05
60996.833333333 0.5584549045296384 0.8079639803667886 8.815774686358483e-05
60997.0 0.5560472113207344 0.809580150428833 8.812381989977964e-05
60997.166666667 0.5536347234600228 0.81118936564672 8.808773559498553e-05
60997.333333333 0.5512174617753902 0.8127916104119172 8.804941062547435e-05
60997.5 0.5487954471761456 0.8143868692014992 8.80087649299824e-05
60997.666666667 0.5463687006520364 0.8159751265791527 8.796572176554078e-05
60997.833333333 0.5439372432722481 0.8175563671961726 8.792020776221002e-05
60998.0 0.5415010961843907 0.8191305757924469 8.787215297627079e-05
60998.166666667 0.5390602806134656 0.8206977371974303 8.782149094152215e-05
60998.333333333 0.5366148178608183 0.8222578363311034 8.776815871973296e-05
60998.5 0.5341647293030729 0.8238108582049202 8.771209694855346e-05
60998.666666667 0.531710036391048 0.8253567879227379 8.76532498884805e-05
60998.833333333 0.5292507606486563 0.8268956106817341 8.759156546733246e-05
60999.0 0.5267869236717864 0.8284273117733041 8.752699532298125e-05
60999.166666667 0.5243185471271663 0.8299518765839417 8.745949484399234e-05
60999.333333333 0.521845652751212 0.8314692905961013 8.738902320822294e-05
60999.5 0.519368262348857 0.8329795393890401 8.731554341912915e-05
60999.666666667 0.5168863977923687 0.83448260863964 8.723902234018054e-05
60999.833333333 0.5144000810201476 0.8359784841232089 8.715943072633634e-05
61000.0 0.511909334035514 0.83746715171426 8.70767432543263e-05
61000.166666667 0.5094141789054794 0.8389485973872705 8.699093854929585e-05
61000.333333333 0.5069146377595073 0.8404228072174176 8.690199921080382e-05
61000.5 0.5044107327882611 0.8418897673812932 8.680991183468644e-05
61000.666666667 0.5019024862423411 0.8433494641575955 8.671466703457263e-05
61000.833333333 0.4993899204310129 0.8448018839278015 8.661625945991318e-05
61001.0 0.4968730577209253 0.8462470131768165 8.651468781206733e-05
61001.166666667 0.4943519205348211 0.8476848384936027 8.640995485894524e-05
61001.333333333 0.4918265313502392 0.8491153465717898 8.63020674472598e-05
61001.5 0.4892969126982106 0.8505385242102659 8.619103651248737e-05
61001.666666667 0.486763087161947 0.8519543583137492 8.60768770879322e-05
61001.833333333 0.4842250773755231 0.8533628358933448 8.595960831115107e-05
61002.0 0.481682906022553 0.8547639440670842 8.583925342928242e-05
61002.166666667 0.4791365958348593 0.8561576700604508 8.571583980283136e-05
61002.333333333 0.4765861695911363 0.8575440012068927 8.558939890796074e-05
61002.5 0.4740316501156045 0.8589229249483229 8.545996633738753e-05
61002.666666667 0.4714730602766584 0.8602944288356096 8.532758180023354e-05
61002.833333333 0.468910422985504 0.8616585005290569 8.519228912053115e-05
61003.0 0.4663437611947862 0.8630151277988787 8.505413623518146e-05
61003.166666667 0.4637730978972029 0.8643642985256642 8.491317519031854e-05
61003.333333333 0.4611984561241076 0.8657060007008407 8.476946213707607e-05
61003.5 0.4586198589440924 0.867040222427129 8.46230573265572e-05
61003.666666667 0.4560373294615542 0.8683669519189964 8.447402510355914e-05
61003.833333333 0.45345089081524 0.869686177503109 8.432243389989951e-05
61004.0 0.4508605661767658 0.8709978876187771 8.416835622624843e-05
61004.166666667 0.448266378749109 0.872302070818401 8.401186866361204e-05
61004.333333333 0.4456683517650699 0.8735987157679145 8.3853051853023e-05
61004.5 0.4430665084856967 0.8748878112472228 8.36919904845339e-05
61004.666666667 0.4404608721986724 0.8761693461506379 8.352877328421835e-05
61004.833333333 0.4378514662166579 0.877443309487308 8.336349300052464e-05
61005.0 0.435238313875588 0.8787096903816385 8.319624638724278e-05
61005.166666667 0.4326214385329142 0.8799684780737036 8.302713418537587e-05
61005.333333333 0.4300008635657914 0.8812196619196448 8.285626110237168e-05
61005.5 0.4273766123692028 0.8824632313920517 8.268373578692196e-05
61005.666666667 0.4247487083540183 0.8836991760803227 8.250967080261599e-05
61005.833333333 0.422117174944983 0.8849274856909977 8.233418259521931e-05
61006.0 0.4194820355786292 0.8861481500480614 8.215739145661566e-05
61006.166666667 0.4168433137011094 0.8873611590932051 8.19794214827225e-05
61006.333333333 0.4142010327659465 0.888566502886045 8.180040052637636e-05
61006.5 0.4115552162316949 0.8897641716042839 8.162046014200059e-05
61006.666666667 0.4089058875595141 0.8909541555438119 8.143973552344984e-05
61006.833333333 0.4062530702106462 0.8921364451187321 8.125836543353735e-05
61007.0 0.4035967876438017 0.8933110308613031 8.10764921231034e-05
61007.166666667 0.4009370633124479 0.8944779034217863 8.089426124022242e-05
61007.333333333 0.3982739206620024 0.8956370535681842 8.071182172750713e-05
61007.5 0.3956073831269314 0.896788472185858 8.052932570735994e-05
61007.666666667 0.3929374741277565 0.8979321502770102 8.034692835228318e-05
61007.833333333 0.3902642170679722 0.8990680789600171 8.016478774139367e-05
61008.0 0.3875876353308813 0.9001962494685961 7.998306470010343e-05
61008.166666667 0.384907752276352 0.9013166531507932 7.980192262301646e-05
61008.333333333 0.3822245912375114 0.9024292814677763 7.962152727844782e-05
61008.5 0.3795381755173787 0.9035341259924141 7.944204659331996e-05
61008.666666667 0.376848528385457 0.9046311784076274 7.926365041793811e-05
61008.833333333 0.3741556730742958 0.9057204305044986 7.908651026969864e-05
61009.0 0.3714596327760437 0.9068018741801237 7.891079905448518e-05
61009.166666667 0.3687604306390098 0.9078755014351952 7.873669076535407e-05
61009.333333333 0.3660580897642565 0.9089413043712974 7.856436015806094e-05
61009.5 0.363352633202249 0.9099992751879133 7.839398240327903e-05
61009.666666667 0.3606440839495871 0.9110494061791239 7.82257327150609e-05
61009.833333333 0.3579324649458503 0.9120916897300003 7.805978595668914e-05
61010.0 0.3552177990705858 0.913126118312683 7.789631622232234e-05
